(512,1)	1.0
(512,2)	0.41921267201837503
(512,3)	0.37371315030845587
(512,4)	0.32821362859853676
(512,5)	1.8366586837054673
(512,6)	3.345103738812398
(512,7)	4.8535487939193285
(512,8)	6.361993849026259
(512,9)	5.846582202662324
(512,10)	5.33117055629839
(512,11)	4.815758909934455
(512,12)	4.30034726357052
(512,13)	3.7849356172065853
(512,14)	3.2695239708426502
(512,15)	2.7541123244787156
(512,16)	2.238700678114781
(1024,1)	1.0492381320809434
(1024,2)	0.2666592492945189
(1024,3)	0.2243938666099365
(1024,4)	0.1821284839253541
(1024,5)	0.2693909047239723
(1024,6)	0.35665332552259055
(1024,7)	0.4439157463212088
(1024,8)	0.531178167119827
(1024,9)	1.5980181877906787
(1024,10)	2.6648582084615304
(1024,11)	3.731698229132382
(1024,12)	4.798538249803234
(1024,13)	5.8653782704740856
(1024,14)	6.932218291144937
(1024,15)	7.999058311815789
(1024,16)	9.065898332486642
